10.829 18.593 20.749 18.418 15.718
14.995 19.537 20.753 20.604 15.684
13.566 19.081 20.912 20.137 16.663
9.987 18.236 20.418 20.248 16.055
11.843 18.641 20.963 18.169 13.817
16.303 20.756 20.621 17.711 13.463
8.147 17.115 21.134 18.333 14.669
12.142 19.060 20.298 19.691 14.346
15.532 20.139 20.811 17.936 15.238
11.267 18.439 20.692 20.004 14.137
11.642 19.029 20.504 18.899 13.726
12.811 19.277 20.926 16.812 14.081
15.983 19.831 21.122 18.208 15.984
11.722 18.871 20.292 20.790 15.607
12.112 19.267 20.536 18.018 15.856
12.131 18.749 20.616 20.034 13.691
17.412 20.609 20.784 18.960 14.082
17.374 20.449 21.201 17.866 14.801
15.008 19.826 20.638 20.270 17.813
13.772 19.625 20.515 19.913 15.914
14.475 19.353 20.918 19.669 13.956
15.981 19.711 21.268 17.879 14.748
11.128 18.303 20.854 19.764 15.103
15.352 19.473 20.993 19.727 14.645
10.492 18.387 20.472 20.171 15.645
11.724 18.500 20.495 22.055 15.375
14.814 19.149 20.933 20.870 15.210
10.143 17.957 20.545 21.231 16.634
12.720 18.940 20.704 19.178 12.998
11.276 18.644 21.012 17.346 13.110
12.489 18.873 20.572 20.080 14.227
7.403 17.744 20.115 20.745 13.833
9.457 17.651 20.247 23.055 14.860
11.600 18.582 20.812 18.036 15.083
14.855 19.739 20.434 20.967 16.844
12.653 18.884 20.552 20.743 16.362
13.006 19.159 20.913 18.303 13.481
14.376 19.792 20.179 21.931 15.676
11.241 18.942 20.419 19.006 15.217
13.567 18.765 21.206 19.492 15.271
11.389 18.350 21.097 16.676 15.632
9.545 17.707 20.487 21.312 14.450
12.218 19.153 20.366 19.530 15.154
14.148 19.396 21.212 16.501 13.847
13.677 18.690 21.089 20.647 15.625
12.976 19.130 20.528 20.768 14.104
17.785 20.818 20.700 18.985 14.280
13.826 19.468 20.483 20.998 14.631
14.957 19.450 20.870 20.116 14.710
17.476 21.318 20.753 16.120 16.223
10.412 18.063 20.891 18.756 15.892
10.922 18.294 20.422 21.182 15.070
16.487 20.049 21.034 19.040 15.365
11.404 18.208 20.751 21.068 13.461
13.059 18.703 21.120 19.122 14.675
15.139 19.740 20.814 18.442 15.153
14.781 19.415 21.029 19.168 16.347
16.510 21.088 20.383 18.233 15.319
15.991 19.526 20.677 22.149 16.544
15.139 19.484 21.001 19.465 15.517
11.455 18.411 20.458 20.788 15.594
14.590 19.915 20.793 17.305 12.988
13.629 19.190 20.656 20.248 14.808
10.347 18.388 20.365 20.410 16.642
15.835 19.784 20.982 19.457 16.163
14.614 19.709 20.874 17.811 15.269
13.091 19.748 20.338 18.743 14.883
12.534 18.602 21.246 17.693 15.193
10.603 18.391 20.922 17.962 13.240
13.399 19.323 21.062 17.750 12.689
13.937 18.660 21.119 21.362 15.107
11.338 18.304 20.444 21.302 16.022
15.324 20.339 20.831 16.868 14.589
10.806 18.365 20.525 19.941 16.105
8.754 17.156 20.823 20.901 15.390
15.079 20.097 20.778 18.093 14.825
12.193 18.650 20.421 21.969 17.122
12.748 19.142 20.993 17.269 15.615
11.325 18.636 20.780 19.245 14.596
9.788 17.561 20.906 20.582 13.721
15.510 20.287 20.830 17.298 13.589
11.622 18.260 20.985 19.540 14.688
16.322 19.848 21.086 19.566 14.873
14.615 19.381 20.859 20.185 17.190
12.370 18.760 20.593 20.531 13.347
10.828 18.364 20.686 18.744 14.571
11.535 18.311 20.894 19.154 13.595
10.575 18.494 20.733 18.374 14.572
17.174 20.698 20.830 17.359 15.279
13.329 18.984 20.663 20.741 14.927
15.300 20.246 20.257 20.378 16.085
10.465 18.600 20.381 20.151 14.683
13.362 19.203 20.733 18.879 14.700
15.356 19.881 20.799 18.293 14.474
12.330 18.248 20.691 22.194 16.448
15.062 19.708 21.088 18.113 14.922
10.831 18.225 20.938 19.214 16.443
10.273 18.211 20.397 20.625 16.532
13.759 19.322 20.943 18.568 15.406
12.242 18.920 20.851 17.816 12.044
14.284 20.105 20.460 18.116 13.078
9.044 17.499 20.482 22.082 16.451
14.425 19.449 21.204 17.642 14.029
18.197 20.522 21.202 17.955 15.342
12.951 19.087 20.653 20.034 14.412
13.068 19.473 20.694 17.188 15.002
13.359 18.626 21.417 18.015 15.686
9.276 17.535 20.615 20.737 13.672
13.852 19.427 20.881 18.020 13.763
9.789 18.248 20.880 16.754 12.077
12.145 18.933 20.362 21.185 15.641
15.486 20.116 20.599 19.732 13.393
11.530 18.500 20.575 20.363 14.716
14.002 19.636 20.611 19.414 15.640
15.025 20.190 20.527 18.960 17.352
13.557 18.712 21.122 19.677 15.512
10.258 18.375 20.304 21.807 16.731
12.335 18.834 20.570 20.089 15.427
16.919 20.334 20.995 18.458 15.413
8.950 16.798 21.092 21.113 14.840
12.448 18.428 21.152 18.935 14.356
11.896 19.302 20.439 18.519 15.938
13.241 18.954 21.020 18.613 15.195
14.496 19.268 20.709 20.702 15.890
16.217 20.107 20.808 19.509 14.607
12.460 18.653 21.246 18.109 14.105
14.625 19.736 20.821 18.988 17.302
13.999 19.996 20.612 17.714 14.499
13.949 19.245 20.911 18.846 16.423
11.872 18.755 20.740 19.207 14.209
11.005 17.989 20.819 21.234 16.162
10.800 18.846 21.143 15.266 13.860
11.487 18.629 20.539 20.409 14.642
13.643 18.962 20.928 19.704 15.857
14.522 19.971 20.042 21.747 14.050
13.647 19.759 20.742 17.734 15.174
11.902 18.769 20.522 20.676 16.091
16.612 19.836 21.120 18.679 15.472
16.038 20.824 20.339 18.976 16.595
12.292 18.961 20.597 20.004 14.969
11.353 18.923 20.371 19.288 14.650
13.260 19.009 20.813 19.376 15.413
15.535 19.881 20.850 18.812 16.046
13.666 19.386 20.673 19.170 15.635
14.113 19.897 20.490 18.302 14.561
12.576 19.005 20.959 17.980 13.382
13.913 18.998 21.174 18.352 15.527
16.089 20.311 20.948 17.501 13.825
12.521 19.503 20.218 19.572 14.072
13.287 19.234 20.984 17.895 13.812
13.508 19.335 20.950 17.400 14.546
13.567 18.872 20.846 20.739 14.488
10.176 17.602 21.233 18.971 13.271
9.246 17.534 20.567 21.863 14.537
10.961 18.260 20.302 23.342 15.617
13.336 19.265 20.943 16.996 14.905
14.108 19.564 20.684 19.457 15.151
11.939 19.284 20.585 17.430 13.114
15.755 20.120 20.613 18.924 15.425
12.714 19.376 20.215 21.069 15.754
13.041 19.108 20.991 18.520 14.150
12.612 19.473 20.106 20.544 14.379
13.268 18.552 20.731 22.353 14.921
14.409 19.406 20.439 21.869 15.206
14.331 19.930 19.939 22.518 18.476
11.203 18.401 20.457 21.694 14.413
16.047 20.529 20.139 21.314 16.094
10.810 18.453 20.561 20.005 14.113
13.158 19.494 20.035 22.461 15.241
12.451 19.124 20.331 20.657 14.485
10.902 18.587 21.034 17.087 14.977
12.850 19.574 20.493 18.031 15.027
11.518 18.918 20.486 20.038 14.804
13.146 19.507 20.162 21.416 16.101
13.806 19.405 20.675 19.422 15.905
15.944 19.964 20.920 18.054 13.978
13.615 19.099 20.498 21.694 16.297
11.778 18.929 20.555 18.721 13.894
12.217 17.975 21.420 19.360 15.805
13.280 18.753 20.892 21.111 16.257
13.187 18.839 20.856 20.196 15.658
15.919 20.072 20.391 21.469 15.604
15.791 19.195 20.989 21.979 15.349
12.282 19.288 20.679 17.856 14.152
11.903 18.922 20.413 19.230 15.779
7.886 17.959 19.967 21.045 14.182
11.902 19.083 20.317 20.423 15.192
11.044 18.763 20.439 19.416 12.825
12.290 19.637 19.997 20.564 15.498
13.783 19.190 20.870 19.341 13.855
13.354 18.711 20.707 22.165 14.265
12.940 19.005 20.924 19.644 15.526
13.399 18.964 20.645 21.070 15.721
12.748 18.927 21.044 17.078 13.851
13.394 18.883 20.921 19.722 14.763
6.538 16.979 20.218 20.978 17.446
12.461 19.093 20.796 18.485 14.411
12.778 19.018 20.402 21.900 15.383
12.317 18.971 20.507 20.513 15.932
12.564 18.901 20.723 19.789 15.122
14.407 19.876 20.579 18.690 16.040
11.804 18.701 20.214 23.010 16.140
17.401 20.600 20.688 20.132 16.421
14.377 19.927 20.608 18.670 15.381
12.987 19.543 20.172 20.704 16.066
12.587 19.425 20.720 17.405 14.308
12.827 18.700 21.004 19.536 15.218
11.169 18.262 20.643 20.512 14.827
12.810 18.446 20.982 21.263 16.097
13.557 19.225 21.185 17.149 12.845
14.159 19.670 20.871 18.110 15.505
14.159 19.479 20.854 18.596 15.990
12.450 19.583 20.006 20.725 16.126
10.168 17.946 21.064 17.174 14.031
11.662 18.246 21.112 18.412 15.167
16.224 20.467 20.663 18.677 14.189
14.792 19.805 20.612 19.112 16.052
13.739 19.565 20.583 20.422 13.992
11.477 18.665 20.338 20.467 15.867
13.007 19.195 20.558 20.131 15.766
10.489 17.463 21.212 20.773 15.508
11.896 18.457 20.414 22.589 15.248
12.510 18.725 20.738 20.117 15.994
12.277 18.726 20.779 19.403 12.842
14.913 19.640 20.876 19.426 16.004
10.163 18.230 20.282 21.080 15.429
11.269 18.694 20.279 21.062 16.474
10.251 17.723 21.086 19.527 14.937
10.525 18.456 20.230 21.159 17.330
13.248 19.401 20.827 17.912 13.497
9.799 18.118 20.416 20.472 15.674
14.508 19.156 21.267 17.952 13.724
12.506 19.083 20.516 20.477 15.040
13.138 19.186 20.438 21.542 16.378
13.645 19.675 20.733 17.665 15.254
12.132 19.417 20.335 18.780 17.075
15.065 20.405 20.786 16.371 13.909
12.611 19.007 20.873 18.622 16.139
14.188 19.535 20.694 19.096 14.740
12.602 19.185 20.475 19.824 14.264
13.582 18.928 20.946 19.939 13.326
13.559 18.803 21.047 20.054 15.359
13.500 19.123 20.619 19.442 14.544
11.051 18.832 20.602 18.480 15.466
13.872 19.306 20.711 20.100 14.637
12.362 19.402 20.306 19.954 14.493
14.261 18.589 21.164 20.898 15.924
8.695 17.004 20.937 20.628 16.871
10.070 18.010 20.491 21.630 14.050
13.727 19.679 20.589 18.035 15.860
16.726 20.425 21.448 15.874 15.231
14.670 19.675 20.765 20.382 15.054
11.635 18.574 20.595 20.616 15.930
9.616 17.275 20.577 23.538 15.471
14.485 20.046 20.541 17.886 17.417
12.839 18.811 20.589 20.927 15.286
14.181 19.913 20.451 19.691 15.215
13.231 19.166 20.763 19.432 14.614
13.059 19.501 20.121 21.124 13.563
18.917 21.357 20.855 17.901 14.790
12.988 19.066 20.797 19.373 15.199
12.682 19.072 20.368 20.979 17.098
12.757 18.506 20.898 20.684 15.862
11.833 18.690 20.266 22.069 15.408
14.980 20.419 20.787 15.771 14.230
12.292 19.309 20.509 18.780 15.084
14.272 19.222 20.897 20.688 14.952
13.569 19.489 20.592 20.126 15.933
15.438 20.072 20.985 16.700 16.319
13.840 19.695 20.556 19.308 14.589
10.573 18.267 20.691 19.870 16.210
10.347 18.071 21.011 18.051 15.335
15.817 20.586 20.460 18.256 15.556
11.783 18.745 20.388 20.456 15.333
10.359 18.595 20.205 20.367 15.399
11.661 18.965 20.798 17.677 14.090
15.529 19.905 20.867 18.869 17.134
10.160 18.027 20.544 20.560 14.242
11.267 19.157 20.501 17.192 15.510
11.666 18.694 20.853 18.578 16.343
10.498 17.942 20.674 21.479 14.915
10.631 17.836 20.653 21.374 16.657
9.964 18.354 20.081 21.944 15.558
12.078 18.831 20.252 21.058 15.500
12.290 18.576 20.781 20.035 15.019
11.635 18.851 20.340 20.963 13.435
9.693 17.973 20.991 17.265 14.706
15.507 19.431 21.117 19.310 16.826
10.342 18.356 20.085 22.949 14.882
13.556 19.773 20.783 16.609 15.211
10.850 19.226 20.187 18.224 14.374
14.337 19.601 20.899 18.525 13.584
14.912 19.877 20.873 18.965 16.074
11.245 19.036 20.412 18.669 16.513
9.153 17.781 20.677 19.952 13.833
14.392 19.705 20.750 19.353 15.276
16.752 20.238 20.697 20.485 13.988
13.831 18.921 21.084 19.326 14.980
13.321 19.541 20.770 17.291 14.980
14.640 19.254 20.957 19.302 17.125
