# You can read this file with e.g. np.loadtxt
# First column is height in cm
# Second column is daily water consumption in l
170.76     2.46
177.50     2.74
155.06     2.33
180.40     2.35
163.73     2.29
146.23     2.32
160.28     2.72
178.98     2.82
174.98     2.58
152.79     2.41
179.28     2.52
168.68     2.61
176.38     2.44
174.98     2.62
152.65     2.27
175.26     2.75
160.90     2.37
193.20     3.08
180.85     2.68
170.69     2.69
155.26     2.45
170.82     2.29
172.40     2.59
151.87     2.28
203.35     2.93
175.91     2.67
195.39     2.71
153.31     2.38
194.54     2.99
149.59     2.29

